g sponza_380
t -0.996165 -0.08716 -0.0076919
bt -0.00757601 -0.0885009 0.996047
t -0.996165 -0.0871603 -0.00768852
bt -0.00747129 -0.0884918 0.996049
t -1 1.52743e-06 -8.66498e-06
bt 0 -0.173603 0.984816
t -1 1.07839e-06 -6.114e-06
bt -1.0499e-05 -0.1737 0.984799
t -1 2.51007e-06 -1.42396e-05
bt 0 -0.173603 0.984816
t -0.996165 -0.0871611 -0.00767959
bt -0.00739068 -0.0884849 0.99605
t -0.996165 -0.0871593 -0.00770035
bt -0.00761622 -0.0885044 0.996047
t -1 2.50953e-06 -1.42366e-05
bt -5.09622e-05 -0.173603 0.984816
t -2.80499e-07 0.984816 0.173603
bt 2.80676e-07 -0.984816 -0.173603
t -0.172028 0.969963 0.17198
bt -0.00148037 -0.984816 -0.173594
t 0 0.984816 0.173603
bt 0 -0.984816 -0.173603
t 0 0.984816 0.173603
bt 0 -0.984816 -0.173603
t 1 5.58179e-06 -3.16645e-05
bt 0 -0.173603 0.984816
t 1 0 0
bt 0 -0.173603 0.984816
t 1 8.38856e-06 -4.75867e-05
bt -2.79544e-05 -0.173603 0.984816
t 1 -3.37876e-05 0.00019156
bt -2.88428e-05 -0.1737 0.984799
t 1 -2.13507e-06 1.21118e-05
bt 0 -0.173603 0.984816
t 1 0 0
bt 0 -0.173603 0.984816
t 1 -3.2026e-06 1.81678e-05
bt 0 -0.173603 0.984816
t 1 -3.2026e-06 1.81678e-05
bt 0 -0.173603 0.984816
t 0 -0.984816 -0.173603
bt 0 0.984816 0.173603
t 0 -0.984816 -0.173603
bt 0 0.984816 0.173603
t 0 -0.984816 -0.173603
bt 0 0.984816 0.173603
t 0 -0.984816 -0.173603
bt 0 0.984816 0.173603
t 1 -3.20227e-06 1.81659e-05
bt 0 -0.173603 0.984816
t 1 0 0
bt 0 -0.173603 0.984816
t 1 5.81768e-06 -3.29836e-05
bt -8.63425e-06 -0.1737 0.984799
t 0.996164 0.0872153 0.00706453
bt -0.00759743 -0.0885028 0.996047
t 0.996165 0.0871622 0.00766656
bt -0.00758315 -0.0885016 0.996047
t 1 4.97646e-06 -2.82309e-05
bt -1.15123e-05 -0.173603 0.984816
t 1 5.56618e-06 -3.15759e-05
bt 0 -0.173603 0.984816
t -1 0 0
bt 0 -0.984816 -0.173603
t -0.999997 0.00240693 0.000424293
bt -0.00244404 -0.984813 -0.173602
t -1 0 0
bt 0 -0.984816 -0.173603
t -1 0 0
bt 0 -0.984816 -0.173603
t 1 1.70259e-06 -9.65845e-06
bt 0 -0.173603 0.984816
t 1 5.1377e-06 -2.91452e-05
bt 0 -0.173603 0.984816
t 1 0 0
bt 0 -0.173603 0.984816
t 1 0 0
bt 0 -0.173603 0.984816
t 1 3.40517e-06 -1.93169e-05
bt -0.000207181 -0.173603 0.984816
t 1 0 0
bt -1.43224e-05 -0.173603 0.984816
t 1 -7.50986e-06 4.2602e-05
bt 9.64293e-05 -0.173603 0.984816
t 1 0 0
bt -0.000317932 -0.173603 0.984816
t 1 -1.12648e-05 6.3903e-05
bt 0 -0.173603 0.984816
t 1 -1.12648e-05 6.3903e-05
bt 0 -0.173603 0.984816
t 0 -0.984816 -0.173603
bt 0 0.984816 0.173603
t 0 -0.984816 -0.173603
bt 0 0.984816 0.173603
t 0 -0.984816 -0.173603
bt 0 0.984816 0.173603
t 0 -0.984816 -0.173603
bt 0 0.984816 0.173603
t -1 0 0
bt 0 -0.173603 0.984816
t -1 8.38888e-06 -4.75885e-05
bt 0 -0.173603 0.984816
t -1 2.79062e-06 -1.58307e-05
bt 0 -0.173603 0.984816
t -1 0 0
bt 0 -0.173603 0.984816
t -1 0 0
bt 0 -0.173603 0.984816
t -1 5.58125e-06 -3.16614e-05
bt 0 -0.173603 0.984816
t -1 -3.20661e-06 1.81905e-05
bt 0 -0.173603 0.984816
t -1 0 0
bt 0 -0.173603 0.984816
t -1 -2.13774e-06 1.2127e-05
bt 0 -0.173603 0.984816
t -1 -3.20661e-06 1.81905e-05
bt 0 -0.173603 0.984816
t 0 0.984816 0.173603
bt 0 -0.984816 -0.173603
t 0 0.984816 0.173603
bt 0 -0.984816 -0.173603
t 0 0.984816 0.173603
bt 0 -0.984816 -0.173603
t 0 0.984816 0.173603
bt 0 -0.984816 -0.173603
t -1 0 0
bt 0 -0.173603 0.984816
t -1 -3.20633e-06 1.81889e-05
bt 0 -0.173603 0.984816
t -1 8.35097e-06 -4.73734e-05
bt 0 -0.173603 0.984816
t -1 0 0
bt 0 -0.173603 0.984816
t -1 8.3428e-06 -4.73271e-05
bt 0 -0.173603 0.984816
t -1 5.56731e-06 -3.15823e-05
bt 0 -0.173603 0.984816
t 1 0 0
bt 0 0.984816 0.173603
t 1 0 0
bt 0 0.984816 0.173603
t 1 0 0
bt 0 0.984816 0.173603
t 1 0 0
bt 0 0.984816 0.173603
t 1 -1.12075e-05 6.35782e-05
bt 0 -0.173603 0.984816
t 1 0 0
bt -0.000621543 -0.173603 0.984816
t 1 5.05611e-06 -2.86824e-05
bt 0 -0.173603 0.984816
t 1 0 0
bt 0 -0.173603 0.984816
t 1 5.07055e-06 -2.87643e-05
bt 0 -0.173603 0.984816
t 1 3.38037e-06 -1.91762e-05
bt 9.64293e-05 -0.173603 0.984816
t -1 0 0
bt 0 -0.984816 -0.173603
t -1 0 0
bt 0 -0.984816 -0.173603
t -1 0 0
bt 0 -0.984816 -0.173603
t -1 0 0
bt 0 -0.984816 -0.173603
t -1 0 0
bt 0.000621548 -0.173603 0.984816
t -1 1.59484e-05 -9.04721e-05
bt 0 -0.173603 0.984816
t -1 2.69616e-06 -1.52948e-05
bt 0.000414365 -0.173603 0.984816
t -1 0 0
bt 0.000317935 -0.173603 0.984816
t -1 7.80266e-06 -4.4263e-05
bt 0 -0.173603 0.984816
t -1 0 0
bt 0 -0.173603 0.984816
t -1 7.79918e-06 -4.42433e-05
bt 0 -0.173603 0.984816
t -1 5.20177e-06 -2.95087e-05
bt -9.64302e-05 -0.173603 0.984816
t -1 5.19987e-06 -2.94979e-05
bt -0.00019286 -0.173603 0.984816
t -1 0 0
bt 1.43221e-05 -0.173603 0.984816
t 1 0 0
bt 0 0.984816 0.173603
t 1 0 0
bt 0 0.984816 0.173603
t 1 0 0
bt 0 0.984816 0.173603
t 1 0 0
bt 0 0.984816 0.173603
t -1 -3.66364e-06 2.07826e-05
bt 6.09313e-05 -0.173603 0.984816
t -0.996165 -0.0871624 -0.00766497
bt -0.00750502 -0.0884948 0.996048
t -0.996165 -0.0871586 -0.00770795
bt -0.00759743 -0.0885028 0.996047
t -1 3.8657e-06 -2.19168e-05
bt -2.11249e-05 -0.1737 0.984799
t -0.996165 -0.0871588 -0.00770542
bt -0.0076376 -0.0885063 0.996046
t -0.996165 -0.08716 -0.00769234
bt -0.00759727 -0.0885028 0.996047
t 1 3.22572e-06 -1.82995e-05
bt 0 -0.173603 0.984816
t 0.996165 0.0871364 0.00796002
bt -0.00763205 -0.0885058 0.996046
t 0.996164 0.0870794 0.00860524
bt -0.00759728 -0.0885028 0.996047
t 8.57178e-06 1.51101e-06 1
bt -0.984816 -0.173603 0
t 0.00768866 -0.0871603 0.996165
bt -0.996049 -0.0884918 0.00747098
t 0.0076916 -0.08716 0.996165
bt -0.996047 -0.088501 0.00757611
t 5.82251e-06 1.02698e-06 1
bt -0.984799 -0.1737 1.06022e-05
t -6.08347e-06 -1.0725e-06 1
bt -0.984816 -0.173603 -0.000173975
t 1.66965e-05 2.94319e-06 1
bt -0.984816 -0.173603 0
t 0.00768668 -0.0871605 0.996165
bt -0.996048 -0.0884944 0.00750097
t 0.00767985 -0.0871611 0.996165
bt -0.99605 -0.088485 0.00739239
t 0.173603 -0.984816 0
bt -0.173603 0.984816 0
t -0.171981 0.969966 0.172011
bt 0.173594 -0.984816 0.00149629
t 0.173603 -0.984816 -1.82272e-07
bt -0.173603 0.984816 1.8221e-07
t 0.173603 -0.984816 0
bt -0.173603 0.984816 0
t 4.71956e-05 8.31961e-06 -1
bt -0.984816 -0.173603 2.80431e-05
t 0 0 -1
bt -0.984816 -0.173603 0
t 3.14039e-05 5.53586e-06 -1
bt -0.984816 -0.173603 0
t -0.000191724 -3.38165e-05 -1
bt -0.984799 -0.1737 2.89797e-05
t -1.81905e-05 -3.20661e-06 -1
bt -0.984816 -0.173603 0
t 0 0 -1
bt -0.984816 -0.173603 0
t -1.2127e-05 -2.13774e-06 -1
bt -0.984816 -0.173603 0
t -1.81905e-05 -3.20661e-06 -1
bt -0.984816 -0.173603 0
t -0.173603 0.984816 0
bt 0.173603 -0.984816 0
t -0.173603 0.984816 0
bt 0.173603 -0.984816 0
t -0.173603 0.984816 0
bt 0.173603 -0.984816 0
t -0.173603 0.984816 0
bt 0.173603 -0.984816 0
t 0 0 -1
bt -0.984816 -0.173603 0
t -1.84569e-05 -3.25356e-06 -1
bt -0.984816 -0.173603 0
t -0.00766702 0.0871622 -0.996165
bt -0.996047 -0.0885015 0.00758262
t -0.00706297 0.0872155 -0.996164
bt -0.996047 -0.0885028 0.00759715
t 3.26919e-05 5.76623e-06 -1
bt -0.984799 -0.1737 8.37157e-06
t 2.78881e-05 4.91603e-06 -1
bt -0.984816 -0.173603 1.11621e-05
t 3.14895e-05 5.55095e-06 -1
bt -0.984816 -0.173603 0
t 0 0 1
bt -0.173603 0.984816 0
t -0.000429382 0.0024358 0.999997
bt -0.173602 0.984813 -0.00247336
t 0 0 1
bt -0.173603 0.984816 0
t 0 0 1
bt -0.173603 0.984816 0
t 5.00537e-07 8.82316e-08 1
bt -0.984816 -0.173603 0
t 0.000118898 2.09592e-05 1
bt -0.984816 -0.173603 0
t 5.00537e-07 8.82316e-08 1
bt -0.984816 -0.173603 0
t 5.00537e-07 8.82316e-08 1
bt -0.984816 -0.173603 0
t -4.74766e-05 -8.36914e-06 1
bt -0.984816 -0.173603 0
t 0 0 1
bt -0.984816 -0.173603 0
t -4.76401e-05 -8.39796e-06 1
bt -0.984816 -0.173603 0
t -3.15932e-05 -5.56923e-06 1
bt -0.984816 -0.173603 0
t 5.00538e-07 8.82316e-08 1
bt -0.984816 -0.173603 0
t 5.00537e-07 8.82316e-08 1
bt -0.984816 -0.173603 0
t 0 0 -1
bt 0.1737 -0.984799 0
t 0 0 -1
bt 0.1737 -0.984799 0
t 0 0 -1
bt 0.173603 -0.984816 0
t 0 0 -1
bt 0.173603 -0.984816 0
t -2.10264e-05 -3.70661e-06 1
bt -0.984816 -0.173603 -6.23064e-05
t 0.00766471 -0.0871624 0.996165
bt -0.996048 -0.0884947 0.00750363
t 0.0077077 -0.0871586 0.996165
bt -0.996047 -0.0885028 0.00759714
t 0.00770767 -0.0871586 0.996165
bt -0.996047 -0.0885019 0.00758657
t 2.16591e-05 3.82026e-06 1
bt -0.984799 -0.1737 2.09363e-05
t 0.00769205 -0.08716 0.996165
bt -0.996047 -0.0885028 0.00759759
t -0.00796011 0.0871364 -0.996165
bt -0.996046 -0.0885058 0.00763232
t 1.81631e-05 3.20167e-06 -1
bt -0.984816 -0.173603 0
t -0.00860471 0.0870795 -0.996164
bt -0.996047 -0.0885028 0.00759757
t -1 0 0
bt 0 -0.173603 0.984816
t -1 8.09892e-06 -4.59437e-05
bt 0 -0.173603 0.984816
t -1 2.69616e-06 -1.52948e-05
bt 0 -0.173603 0.984816
t -1 0 0
bt 0 -0.173603 0.984816
t -1 1.55996e-05 -8.84938e-05
bt 0 -0.173603 0.984816
t -1 1.55996e-05 -8.84938e-05
bt 0 -0.173603 0.984816
t 0 0.984816 0.173603
bt 0 -0.984816 -0.173603
t 0 0.984816 0.173603
bt 0 -0.984816 -0.173603
t 0 0.984816 0.173603
bt 0 -0.984816 -0.173603
t 0 0.984816 0.173603
bt 0 -0.984816 -0.173603
t 1 1.53058e-06 -8.68281e-06
bt 0 -0.173603 0.984816
t 0.996165 -0.0871603 -0.00768853
bt 0.00747132 -0.0884918 0.996049
t 0.996165 -0.08716 -0.00769192
bt 0.00757601 -0.0885009 0.996047
t 1 1.08143e-06 -6.13123e-06
bt 1.0499e-05 -0.1737 0.984799
t 1 -1.11772e-06 6.34003e-06
bt -0.000175672 -0.173603 0.984816
t 1 2.95944e-06 -1.67887e-05
bt 0 -0.173603 0.984816
t 0.996165 -0.0871605 -0.00768651
bt 0.00749977 -0.0884943 0.996048
t 0.996165 -0.0871611 -0.00767959
bt 0.00739068 -0.0884849 0.99605
t 0 -0.984816 -0.173603
bt 0 0.984816 0.173603
t 0.172031 0.969963 0.17198
bt 0.00147798 -0.984816 -0.173594
t -2.80652e-07 -0.984816 -0.173603
bt 2.80676e-07 0.984816 0.173603
t 0 -0.984816 -0.173603
bt 0 0.984816 0.173603
t -1 8.38833e-06 -4.75854e-05
bt 2.79701e-05 -0.173603 0.984816
t -1 0 0
bt 0 -0.173603 0.984816
t -1 5.58125e-06 -3.16614e-05
bt 0 -0.173603 0.984816
t -1 -3.37878e-05 0.000191561
bt 2.88545e-05 -0.1737 0.984799
t -1 -3.20661e-06 1.81905e-05
bt 0 -0.173603 0.984816
t -1 0 0
bt 0 -0.173603 0.984816
t -1 -2.13774e-06 1.2127e-05
bt 0 -0.173603 0.984816
t -1 -3.20661e-06 1.81905e-05
bt 0 -0.173603 0.984816
t 0 0.984816 0.173603
bt 0 -0.984816 -0.173603
t 0 0.984816 0.173603
bt 0 -0.984816 -0.173603
t 0 0.984816 0.173603
bt 0 -0.984816 -0.173603
t 0 0.984816 0.173603
bt 0 -0.984816 -0.173603
t -1 0 0
bt 0 -0.173603 0.984816
t -1 -3.20633e-06 1.81889e-05
bt 0 -0.173603 0.984816
t -0.996165 0.0871622 0.00766659
bt 0.00758318 -0.0885016 0.996047
t -0.996164 0.0872153 0.00706452
bt 0.00759743 -0.0885028 0.996047
t -1 5.81468e-06 -3.29666e-05
bt 8.64696e-06 -0.1737 0.984799
t -1 4.97305e-06 -2.82116e-05
bt 1.15293e-05 -0.173603 0.984816
t -1 5.56618e-06 -3.15759e-05
bt 0 -0.173603 0.984816
t 1 0 0
bt 0 0.984816 0.173603
t 0.999997 0.00241179 0.000425149
bt -0.00244898 0.984813 0.173602
t 1 0 0
bt 0 0.984816 0.173603
t 1 0 0
bt 0 0.984816 0.173603
t -1 0 0
bt 0 -0.173603 0.984816
t -1 5.13594e-06 -2.91352e-05
bt 0 -0.173603 0.984816
t -1 1.70359e-06 -9.66416e-06
bt 0 -0.173603 0.984816
t -1 0 0
bt 0 -0.173603 0.984816
t -1 0 0
bt 1.4322e-05 -0.173603 0.984816
t -1 3.40719e-06 -1.93283e-05
bt 0.000207175 -0.173603 0.984816
t -1 -1.12654e-05 6.39063e-05
bt 0 -0.173603 0.984816
t -1 0 0
bt 0.000317923 -0.173603 0.984816
t -1 -7.51025e-06 4.26042e-05
bt -9.64265e-05 -0.173603 0.984816
t -1 -1.12654e-05 6.39063e-05
bt 0 -0.173603 0.984816
t 0 0.984816 0.173603
bt 0 -0.984816 -0.173603
t 0 0.984816 0.173603
bt 0 -0.984816 -0.173603
t 0 0.984816 0.173603
bt 0 -0.984816 -0.173603
t 0 0.984816 0.173603
bt 0 -0.984816 -0.173603
t 1 2.7909e-06 -1.58322e-05
bt 0 -0.173603 0.984816
t 1 8.38748e-06 -4.75806e-05
bt 0 -0.173603 0.984816
t 1 0 0
bt 0 -0.173603 0.984816
t 1 0 0
bt 0 -0.173603 0.984816
t 1 5.58179e-06 -3.16645e-05
bt 0 -0.173603 0.984816
t 1 0 0
bt 0 -0.173603 0.984816
t 1 -2.13507e-06 1.21118e-05
bt 0 -0.173603 0.984816
t 1 0 0
bt 0 -0.173603 0.984816
t 1 -3.2026e-06 1.81678e-05
bt 0 -0.173603 0.984816
t 1 -3.2026e-06 1.81678e-05
bt 0 -0.173603 0.984816
t 0 -0.984816 -0.173603
bt 0 0.984816 0.173603
t 0 -0.984816 -0.173603
bt 0 0.984816 0.173603
t 0 -0.984816 -0.173603
bt 0 0.984816 0.173603
t 0 -0.984816 -0.173603
bt 0 0.984816 0.173603
t 1 -3.20227e-06 1.81659e-05
bt 0 -0.173603 0.984816
t 1 0 0
bt 0 -0.173603 0.984816
t 1 8.34227e-06 -4.73241e-05
bt 0 -0.173603 0.984816
t 1 0 0
bt 0 -0.173603 0.984816
t 1 8.34928e-06 -4.73639e-05
bt 0 -0.173603 0.984816
t 1 5.56618e-06 -3.15759e-05
bt 0 -0.173603 0.984816
t -1 0 0
bt 0 -0.984816 -0.173603
t -1 0 0
bt 0 -0.984816 -0.173603
t -1 0 0
bt 0 -0.984816 -0.173603
t -1 0 0
bt 0 -0.984816 -0.173603
t -1 0 0
bt 0.000621525 -0.173603 0.984816
t -1 -1.12073e-05 6.35772e-05
bt 0 -0.173603 0.984816
t -1 5.06501e-06 -2.87328e-05
bt 0 -0.173603 0.984816
t -1 0 0
bt 0 -0.173603 0.984816
t -1 5.05291e-06 -2.86642e-05
bt 0 -0.173603 0.984816
t -1 3.37667e-06 -1.91552e-05
bt -9.64265e-05 -0.173603 0.984816
t 1 0 0
bt 0 0.984816 0.173603
t 1 0 0
bt 0 0.984816 0.173603
t 1 0 0
bt 0 0.984816 0.173603
t 1 0 0
bt 0 0.984816 0.173603
t 1 2.70008e-06 -1.53171e-05
bt -0.000414382 -0.173603 0.984816
t 1 1.5943e-05 -9.04412e-05
bt 0 -0.173603 0.984816
t 1 0 0
bt -0.000621573 -0.173603 0.984816
t 1 0 0
bt -0.000317948 -0.173603 0.984816
t 1 7.8068e-06 -4.42865e-05
bt 0 -0.173603 0.984816
t 1 0 0
bt 0 -0.173603 0.984816
t 1 7.80586e-06 -4.42812e-05
bt 0 -0.173603 0.984816
t 1 5.20391e-06 -2.95208e-05
bt 9.6434e-05 -0.173603 0.984816
t 1 5.19685e-06 -2.94808e-05
bt 0.000192868 -0.173603 0.984816
t 1 0 0
bt -1.43227e-05 -0.173603 0.984816
t -1 0 0
bt 0 -0.984816 -0.173603
t -1 0 0
bt 0 -0.984816 -0.173603
t -1 0 0
bt 0 -0.984816 -0.173603
t -1 0 0
bt 0 -0.984816 -0.173603
t 1 -3.66228e-06 2.07749e-05
bt -6.08256e-05 -0.173603 0.984816
t 0.996165 -0.0871624 -0.00766497
bt 0.00750512 -0.0884948 0.996048
t 0.996165 -0.0871586 -0.00770795
bt 0.00759743 -0.0885028 0.996047
t 0.996165 -0.0871586 -0.00770793
bt 0.00758676 -0.0885019 0.996047
t 1 3.8657e-06 -2.19168e-05
bt 2.11249e-05 -0.1737 0.984799
t 0.996165 -0.08716 -0.00769234
bt 0.00759727 -0.0885028 0.996047
t -0.996165 0.0871364 0.00796001
bt 0.00763208 -0.0885058 0.996046
t -1 3.2263e-06 -1.83028e-05
bt 0 -0.173603 0.984816
t -0.996164 0.0870794 0.00860524
bt 0.00759728 -0.0885028 0.996047
t -0.00769162 -0.08716 0.996165
bt 0.996047 -0.088501 0.00757611
t -0.00768864 -0.0871603 0.996165
bt 0.996049 -0.0884918 0.00747087
t -8.58563e-06 1.51345e-06 1
bt 0.984816 -0.173603 0
t -5.83863e-06 1.02982e-06 1
bt 0.984799 -0.1737 1.06022e-05
t -1.42396e-05 2.51007e-06 1
bt 0.984816 -0.173603 0
t -0.00767985 -0.0871611 0.996165
bt 0.99605 -0.088485 0.00739239
t -0.00770035 -0.0871593 0.996165
bt 0.996047 -0.0885044 0.00761628
t -1.42366e-05 2.50953e-06 1
bt 0.984816 -0.173603 5.1021e-05
t 0.173603 0.984816 1.82119e-07
bt -0.173603 -0.984816 -1.8221e-07
t 0.171981 0.969966 0.172011
bt -0.173594 -0.984816 0.0014978
t 0.173603 0.984816 0
bt -0.173603 -0.984816 0
t 0.173603 0.984816 0
bt -0.173603 -0.984816 0
t -3.14113e-05 5.53717e-06 -1
bt 0.984816 -0.173603 0
t 0 0 -1
bt 0.984816 -0.173603 0
t -4.72038e-05 8.32106e-06 -1
bt 0.984816 -0.173603 2.80379e-05
t 0.000191718 -3.38154e-05 -1
bt 0.984799 -0.1737 2.89757e-05
t 1.21118e-05 -2.13507e-06 -1
bt 0.984816 -0.173603 0
t 0 0 -1
bt 0.984816 -0.173603 0
t 1.81678e-05 -3.2026e-06 -1
bt 0.984816 -0.173603 0
t 1.81678e-05 -3.2026e-06 -1
bt 0.984816 -0.173603 0
t -0.173603 -0.984816 0
bt 0.173603 0.984816 0
t -0.173603 -0.984816 0
bt 0.173603 0.984816 0
t -0.173603 -0.984816 0
bt 0.173603 0.984816 0
t -0.173603 -0.984816 0
bt 0.173603 0.984816 0
t 1.84347e-05 -3.24966e-06 -1
bt 0.984816 -0.173603 0
t 0 0 -1
bt 0.984816 -0.173603 0
t -3.27046e-05 5.76848e-06 -1
bt 0.984799 -0.1737 8.37157e-06
t 0.00706297 0.0872155 -0.996164
bt 0.996047 -0.0885028 0.00759714
t 0.007667 0.0871622 -0.996165
bt 0.996047 -0.0885015 0.00758262
t -2.79011e-05 4.91832e-06 -1
bt 0.984816 -0.173603 1.11621e-05
t -3.14895e-05 5.55095e-06 -1
bt 0.984816 -0.173603 0
t 0 0 1
bt -0.173603 -0.984816 0
t 0.000428849 0.00243278 0.999997
bt -0.173602 -0.984813 0.00247029
t 0 0 1
bt -0.173603 -0.984816 0
t 0 0 1
bt -0.173603 -0.984816 0
t -5.02017e-07 8.84924e-08 1
bt 0.984816 -0.173603 0
t -0.000119384 2.1045e-05 1
bt 0.984816 -0.173603 0
t 1.52601e-05 -2.69005e-06 1
bt 0.984816 -0.173603 0
t -4.99207e-07 8.79971e-08 1
bt 0.984816 -0.173603 0
t 4.7097e-05 -8.30223e-06 1
bt 0.984816 -0.173603 0
t 0 0 1
bt 0.984816 -0.173603 0
t 4.69634e-05 -8.27867e-06 1
bt 0.984816 -0.173603 0
t 3.12335e-05 -5.50582e-06 1
bt 0.984816 -0.173603 0
t -3.99534e-05 7.04296e-06 1
bt 0.984816 -0.173603 0
t -4.96398e-07 8.75018e-08 1
bt 0.984816 -0.173603 0
t 0 0 -1
bt 0.173603 0.984816 0
t 0 0 -1
bt 0.1737 0.984799 0
t 0 0 -1
bt 0.1737 0.984799 0
t 0 0 -1
bt 0.173603 0.984816 0
t 2.10384e-05 -3.70874e-06 1
bt 0.984816 -0.173603 -6.26238e-05
t -0.0076647 -0.0871624 0.996165
bt 0.996048 -0.0884946 0.00750331
t -0.0077077 -0.0871586 0.996165
bt 0.996047 -0.0885028 0.00759714
t -2.16591e-05 3.82026e-06 1
bt 0.984799 -0.1737 2.09363e-05
t -0.00770525 -0.0871588 0.996165
bt 0.996046 -0.0885063 0.00763747
t -0.00769205 -0.08716 0.996165
bt 0.996047 -0.0885028 0.00759759
t -1.81574e-05 3.20067e-06 -1
bt 0.984816 -0.173603 0
t 0.00796011 0.0871364 -0.996165
bt 0.996046 -0.0885058 0.00763231
t 0.00860471 0.0870795 -0.996164
bt 0.996047 -0.0885028 0.00759757
t 1 2.70008e-06 -1.53171e-05
bt 0 -0.173603 0.984816
t 1 8.10137e-06 -4.59576e-05
bt 0 -0.173603 0.984816
t 1 0 0
bt 0 -0.173603 0.984816
t 1 0 0
bt 0 -0.173603 0.984816
t 1 1.55905e-05 -8.84423e-05
bt 0 -0.173603 0.984816
t 1 1.55905e-05 -8.84423e-05
bt 0 -0.173603 0.984816
t 0 -0.984816 -0.173603
bt 0 0.984816 0.173603
t 0 -0.984816 -0.173603
bt 0 0.984816 0.173603
t 0 -0.984816 -0.173603
bt 0 0.984816 0.173603
t 0 -0.984816 -0.173603
bt 0 0.984816 0.173603
t -4.72323e-05 -8.3261e-06 1
bt -0.984816 -0.173603 0
t 5.09194e-07 8.97574e-08 1
bt -0.984816 -0.173603 0
t -4.73546e-05 -8.34765e-06 1
bt -0.984816 -0.173603 0
t -3.14029e-05 -5.53569e-06 1
bt -0.984816 -0.173603 0
t 0.000116727 2.05766e-05 1
bt -0.984816 -0.173603 0
t 5.00537e-07 8.82316e-08 1
bt -0.984816 -0.173603 0
t 0.173603 -0.984816 0
bt -0.173603 0.984816 0
t 0.173603 -0.984816 0
bt -0.173603 0.984816 0
t 0.173603 -0.984816 0
bt -0.173603 0.984816 0
t 0.173603 -0.984816 0
bt -0.173603 0.984816 0
t -5.00538e-07 8.82316e-08 1
bt 0.984816 -0.173603 0
t 4.70526e-05 -8.29442e-06 1
bt 0.984816 -0.173603 0
t 1.52611e-05 -2.69022e-06 1
bt 0.984816 -0.173603 0
t -5.00538e-07 8.82316e-08 1
bt 0.984816 -0.173603 0
t -0.000118873 2.09549e-05 1
bt 0.984816 -0.173603 0
t -0.000118873 2.09549e-05 1
bt 0.984816 -0.173603 0
t 0.173603 0.984816 0
bt -0.173603 -0.984816 0
t 0.173603 0.984816 0
bt -0.173603 -0.984816 0
t 0.1737 0.984799 0
bt -0.1737 -0.984799 0
t 0.1737 0.984799 0
bt -0.1737 -0.984799 0
t -1 1.60627e-06 9.11224e-06
bt 0 -0.173603 -0.984816
t -0.996165 -0.0871603 0.00768884
bt -0.00747131 -0.0884918 -0.996049
t -0.996165 -0.08716 0.00769244
bt -0.007576 -0.0885009 -0.996047
t -1 1.1712e-06 6.64017e-06
bt -1.0499e-05 -0.1737 -0.984799
t -1 -1.11934e-06 -6.34922e-06
bt 0.000175672 -0.173603 -0.984816
t -1 2.95563e-06 1.67671e-05
bt 0 -0.173603 -0.984816
t -0.996165 -0.0871605 0.0076864
bt -0.00749978 -0.0884943 -0.996048
t -0.996165 -0.0871611 0.00767958
bt -0.00739071 -0.0884848 -0.99605
t 0 -0.984816 0.173603
bt 0 0.984816 -0.173603
t -0.172032 0.969963 -0.17198
bt -0.00147808 -0.984816 0.173594
t 2.80652e-07 -0.984816 0.173603
bt -2.80676e-07 0.984816 -0.173603
t 0 -0.984816 0.173603
bt 0 0.984816 -0.173603
t 1 8.38662e-06 4.75757e-05
bt -2.7957e-05 -0.173603 -0.984816
t 1 0 0
bt 0 -0.173603 -0.984816
t 1 5.58148e-06 3.16627e-05
bt 0 -0.173603 -0.984816
t 1 -3.38922e-05 -0.000192153
bt -2.88448e-05 -0.1737 -0.984799
t 1 -3.16093e-06 -1.79314e-05
bt 0 -0.173603 -0.984816
t 1 0 0
bt 0 -0.173603 -0.984816
t 1 -2.10729e-06 -1.19542e-05
bt 0 -0.173603 -0.984816
t 1 -3.16093e-06 -1.79314e-05
bt 0 -0.173603 -0.984816
t 0 0.984816 -0.173603
bt 0 -0.984816 0.173603
t 0 0.984816 -0.173603
bt 0 -0.984816 0.173603
t 0 0.984816 -0.173603
bt 0 -0.984816 0.173603
t 0 0.984816 -0.173603
bt 0 -0.984816 0.173603
t 1 0 0
bt 0 -0.173603 -0.984816
t 1 -3.16065e-06 -1.79298e-05
bt 0 -0.173603 -0.984816
t 0.996165 0.0871622 -0.00766688
bt -0.00758313 -0.0885016 -0.996047
t 0.996164 0.0872155 -0.00706245
bt -0.00759744 -0.0885028 -0.996047
t 1 5.81276e-06 3.29557e-05
bt -8.62578e-06 -0.1737 -0.984799
t 1 4.95514e-06 2.811e-05
bt -1.1501e-05 -0.173603 -0.984816
t 1 5.59625e-06 3.17465e-05
bt 0 -0.173603 -0.984816
t -1 0 0
bt 0 0.984816 -0.173603
t -0.999997 0.00240699 -0.000424303
bt 0.0024441 0.984813 -0.173602
t -1 0 0
bt 0 0.984816 -0.173603
t -1 0 0
bt 0 0.984816 -0.173603
t 1 0 0
bt 0 -0.173603 -0.984816
t 1 5.13605e-06 2.91358e-05
bt 0 -0.173603 -0.984816
t 1 1.70371e-06 9.6648e-06
bt 0 -0.173603 -0.984816
t 1 0 0
bt 0 -0.173603 -0.984816
t 1 0 0
bt -1.43218e-05 -0.173603 -0.984816
t 1 3.40741e-06 1.93296e-05
bt -0.000207175 -0.173603 -0.984816
t 1 -1.12654e-05 -6.39063e-05
bt 0 -0.173603 -0.984816
t 1 0 0
bt -0.000317923 -0.173603 -0.984816
t 1 -7.51025e-06 -4.26042e-05
bt 9.64264e-05 -0.173603 -0.984816
t 1 -1.12654e-05 -6.39063e-05
bt 0 -0.173603 -0.984816
t 0 0.984816 -0.173603
bt 0 -0.984816 0.173603
t 0 0.984816 -0.173603
bt 0 -0.984816 0.173603
t 0 0.984816 -0.173603
bt 0 -0.984816 0.173603
t 0 0.984816 -0.173603
bt 0 -0.984816 0.173603
t -1 2.7909e-06 1.58322e-05
bt 0 -0.173603 -0.984816
t -1 8.38733e-06 4.75797e-05
bt 0 -0.173603 -0.984816
t -1 0 0
bt 0 -0.173603 -0.984816
t -1 0 0
bt 0 -0.173603 -0.984816
t -1 5.58179e-06 3.16645e-05
bt 0 -0.173603 -0.984816
t -1 0 0
bt 0 -0.173603 -0.984816
t -1 -2.10514e-06 -1.1942e-05
bt 0 -0.173603 -0.984816
t -1 0 0
bt 0 -0.173603 -0.984816
t -1 -3.1577e-06 -1.7913e-05
bt 0 -0.173603 -0.984816
t -1 -3.1577e-06 -1.7913e-05
bt 0 -0.173603 -0.984816
t 0 -0.984816 0.173603
bt 0 0.984816 -0.173603
t 0 -0.984816 0.173603
bt 0 0.984816 -0.173603
t 0 -0.984816 0.173603
bt 0 0.984816 -0.173603
t 0 -0.984816 0.173603
bt 0 0.984816 -0.173603
t -1 -3.15737e-06 -1.79112e-05
bt 0 -0.173603 -0.984816
t -1 0 0
bt 0 -0.173603 -0.984816
t -1 8.38721e-06 4.75791e-05
bt 0 -0.173603 -0.984816
t -1 0 0
bt 0 -0.173603 -0.984816
t -1 8.39437e-06 4.76197e-05
bt 0 -0.173603 -0.984816
t -1 5.59625e-06 3.17465e-05
bt 0 -0.173603 -0.984816
t 1 0 0
bt 0 -0.984816 0.173603
t 1 0 0
bt 0 -0.984816 0.173603
t 1 0 0
bt 0 -0.984816 0.173603
t 1 0 0
bt 0 -0.984816 0.173603
t 1 0 0
bt -0.000621524 -0.173603 -0.984816
t 1 -1.12564e-05 -6.38556e-05
bt 0 -0.173603 -0.984816
t 1 5.07125e-06 2.87683e-05
bt 0 -0.173603 -0.984816
t 1 0 0
bt 0 -0.173603 -0.984816
t 1 5.0572e-06 2.86886e-05
bt 0 -0.173603 -0.984816
t 1 3.38084e-06 1.91789e-05
bt 9.64264e-05 -0.173603 -0.984816
t -1 0 0
bt 0 0.984816 -0.173603
t -1 0 0
bt 0 0.984816 -0.173603
t -1 0 0
bt 0 0.984816 -0.173603
t -1 0 0
bt 0 0.984816 -0.173603
t -1 2.64177e-06 1.49863e-05
bt 0.000414381 -0.173603 -0.984816
t -1 1.53596e-05 8.7132e-05
bt 0 -0.173603 -0.984816
t -1 0 0
bt 0.000621572 -0.173603 -0.984816
t -1 0 0
bt 0.000317948 -0.173603 -0.984816
t -1 7.50223e-06 4.25587e-05
bt 0 -0.173603 -0.984816
t -1 0 0
bt 0 -0.173603 -0.984816
t -1 7.50938e-06 4.25993e-05
bt 0 -0.173603 -0.984816
t -1 5.00625e-06 2.83995e-05
bt -9.64339e-05 -0.173603 -0.984816
t -1 5.10226e-06 2.89441e-05
bt -0.000192868 -0.173603 -0.984816
t -1 0 0
bt 1.43228e-05 -0.173603 -0.984816
t 1 0 0
bt 0 -0.984816 0.173603
t 1 0 0
bt 0 -0.984816 0.173603
t 1 0 0
bt 0 -0.984816 0.173603
t 1 0 0
bt 0 -0.984816 0.173603
t -1 -3.61548e-06 -2.05094e-05
bt 6.08255e-05 -0.173603 -0.984816
t -0.996165 -0.0871624 0.00766524
bt -0.00750512 -0.0884948 -0.996048
t -0.996165 -0.0871585 0.00770846
bt -0.00759743 -0.0885028 -0.996047
t -0.996165 -0.0871585 0.00770847
bt -0.00758676 -0.0885019 -0.996047
t -1 3.95686e-06 2.24336e-05
bt -2.11249e-05 -0.1737 -0.984799
t -0.996165 -0.0871599 0.0076929
bt -0.00759726 -0.0885028 -0.996047
t 0.996165 0.0871363 -0.00796084
bt -0.00763204 -0.0885058 -0.996046
t 1 3.15242e-06 1.78836e-05
bt 0 -0.173603 -0.984816
t 0.996164 0.0870792 -0.00860765
bt -0.00759728 -0.0885028 -0.996047
t 0.00769162 -0.08716 -0.996165
bt -0.996047 -0.088501 -0.0075765
t 0.00768864 -0.0871603 -0.996165
bt -0.996049 -0.0884919 -0.00747157
t 8.58564e-06 1.51345e-06 -1
bt -0.984816 -0.173603 5.54437e-07
t 5.83863e-06 1.02982e-06 -1
bt -0.984799 -0.1737 -1.09891e-05
t 1.42396e-05 2.51006e-06 -1
bt -0.984816 -0.173603 -1.66331e-06
t 0.00767985 -0.0871611 -0.996165
bt -0.99605 -0.0884849 -0.0073907
t 0.00770035 -0.0871593 -0.996165
bt -0.996047 -0.0885046 -0.00761789
t 1.42365e-05 2.50953e-06 -1
bt -0.984816 -0.173603 -5.26395e-05
t -0.173603 0.984816 2.03684e-05
bt 0.173603 -0.984816 -1.81864e-05
t -0.171981 0.969969 -0.171994
bt 0.173594 -0.984816 -0.00151536
t -0.173603 0.984816 2.05512e-05
bt 0.173603 -0.984816 -1.83692e-05
t -0.173603 0.984816 2.05512e-05
bt 0.173603 -0.984816 -1.83692e-05
t 3.14113e-05 5.53717e-06 1
bt -0.984816 -0.173603 0
t 0 0 1
bt -0.984816 -0.173603 0
t 4.72038e-05 8.32106e-06 1
bt -0.984816 -0.173603 -2.82882e-05
t -0.000191718 -3.38155e-05 1
bt -0.984799 -0.1737 -2.94448e-05
t -1.21118e-05 -2.13507e-06 1
bt -0.984816 -0.173603 -1.10887e-06
t 0 0 1
bt -0.984816 -0.173603 0
t -1.81678e-05 -3.2026e-06 1
bt -0.984816 -0.173603 -1.66331e-06
t -1.81678e-05 -3.2026e-06 1
bt -0.984816 -0.173603 -1.66331e-06
t 0.173603 -0.984816 -1.7537e-05
bt -0.173603 0.984816 1.7537e-05
t 0.173603 -0.984816 0
bt -0.173603 0.984816 0
t 0.173603 -0.984816 -1.7537e-05
bt -0.173603 0.984816 1.7537e-05
t 0.173603 -0.984816 -1.7537e-05
bt -0.173603 0.984816 1.7537e-05
t -1.84347e-05 -3.24966e-06 1
bt -0.984816 -0.173603 1.66331e-06
t 0 0 1
bt -0.984816 -0.173603 0
t 3.27046e-05 5.76848e-06 1
bt -0.984799 -0.1737 -8.43138e-06
t -0.00706297 0.0872155 0.996164
bt -0.996047 -0.0885028 -0.00759742
t -0.007667 0.0871622 0.996165
bt -0.996047 -0.0885016 -0.00758311
t 2.79011e-05 4.91832e-06 1
bt -0.984816 -0.173603 -1.14897e-05
t 3.14895e-05 5.55095e-06 1
bt -0.984816 -0.173603 0
t 0 0 -1
bt 0.173603 -0.984816 0
t -0.000430368 0.0024414 -0.999997
bt 0.173602 -0.984813 -0.00247904
t 0 0 -1
bt 0.173603 -0.984816 0
t 0 0 -1
bt 0.173603 -0.984816 0
t 5.02017e-07 8.84924e-08 -1
bt -0.984816 -0.173603 0
t 0.000118875 2.09552e-05 -1
bt -0.984816 -0.173603 0
t 4.98535e-07 8.78786e-08 -1
bt -0.984816 -0.173603 0
t 4.98535e-07 8.78786e-08 -1
bt -0.984816 -0.173603 0
t -4.76062e-05 -8.39199e-06 -1
bt -0.984816 -0.173603 0
t 0 0 -1
bt -0.984816 -0.173603 0
t -4.7469e-05 -8.3678e-06 -1
bt -0.984816 -0.173603 0
t -3.15729e-05 -5.56566e-06 -1
bt -0.984816 -0.173603 0
t 4.90536e-07 8.64686e-08 -1
bt -0.984816 -0.173603 0
t 4.90536e-07 8.64686e-08 -1
bt -0.984816 -0.173603 0
t 0 0 1
bt -0.173603 0.984816 0
t 0 0 1
bt -0.1737 0.984799 0
t 0 0 1
bt -0.1737 0.984799 0
t 0 0 1
bt -0.173603 0.984816 0
t -2.10384e-05 -3.70874e-06 -1
bt -0.984816 -0.173603 6.26238e-05
t 0.0076647 -0.0871624 -0.996165
bt -0.996048 -0.0884946 -0.00750331
t 0.0077077 -0.0871586 -0.996165
bt -0.996047 -0.0885028 -0.00759743
t 2.16592e-05 3.82027e-06 -1
bt -0.984799 -0.1737 -2.08849e-05
t 0.00770525 -0.0871588 -0.996165
bt -0.996046 -0.0885063 -0.00763817
t 0.00769205 -0.08716 -0.996165
bt -0.996047 -0.0885029 -0.00759875
t 1.81574e-05 3.20067e-06 1
bt -0.984816 -0.173603 0
t -0.00796011 0.0871364 0.996165
bt -0.996046 -0.0885059 -0.00763319
t -0.00860471 0.0870795 0.996164
bt -0.996047 -0.0885029 -0.00759869
t -1 2.64177e-06 1.49863e-05
bt 0 -0.173603 -0.984816
t -1 7.94418e-06 4.50659e-05
bt 0 -0.173603 -0.984816
t -1 0 0
bt 0 -0.173603 -0.984816
t -1 0 0
bt 0 -0.173603 -0.984816
t -1 1.53068e-05 8.68324e-05
bt 0 -0.173603 -0.984816
t -1 1.53068e-05 8.68324e-05
bt 0 -0.173603 -0.984816
t 0 -0.984816 0.173603
bt 0 0.984816 -0.173603
t 0 -0.984816 0.173603
bt 0 0.984816 -0.173603
t 0 -0.984816 0.173603
bt 0 0.984816 -0.173603
t 0 -0.984816 0.173603
bt 0 0.984816 -0.173603
t 0.996165 -0.08716 0.00769247
bt 0.007576 -0.0885009 -0.996047
t 0.996165 -0.0871603 0.00768884
bt 0.00747127 -0.0884918 -0.996049
t 1 1.61189e-06 9.14408e-06
bt 0 -0.173603 -0.984816
t 1 1.1762e-06 6.66853e-06
bt 1.0499e-05 -0.1737 -0.984799
t 1 2.45517e-06 1.39282e-05
bt 0 -0.173603 -0.984816
t 0.996165 -0.0871611 0.00767958
bt 0.00739071 -0.0884848 -0.99605
t 0.996165 -0.0871593 0.00770003
bt 0.00761621 -0.0885044 -0.996047
t 1 2.45467e-06 1.39254e-05
bt 5.09621e-05 -0.173603 -0.984816
t 2.80804e-07 0.984816 -0.173603
bt -2.80676e-07 -0.984816 0.173603
t 0.172028 0.969963 -0.17198
bt 0.00148047 -0.984816 0.173594
t 0 0.984816 -0.173603
bt 0 -0.984816 0.173603
t 0 0.984816 -0.173603
bt 0 -0.984816 0.173603
t -1 5.58179e-06 3.16645e-05
bt 0 -0.173603 -0.984816
t -1 0 0
bt 0 -0.173603 -0.984816
t -1 8.38861e-06 4.7587e-05
bt 2.79961e-05 -0.173603 -0.984816
t -1 -3.38907e-05 -0.000192145
bt 2.88741e-05 -0.1737 -0.984799
t -1 -2.10514e-06 -1.1942e-05
bt 0 -0.173603 -0.984816
t -1 0 0
bt 0 -0.173603 -0.984816
t -1 -3.15771e-06 -1.79131e-05
bt 0 -0.173603 -0.984816
t -1 -3.15771e-06 -1.79131e-05
bt 0 -0.173603 -0.984816
t 0 -0.984816 0.173603
bt 0 0.984816 -0.173603
t 0 -0.984816 0.173603
bt 0 0.984816 -0.173603
t 0 -0.984816 0.173603
bt 0 0.984816 -0.173603
t 0 -0.984816 0.173603
bt 0 0.984816 -0.173603
t -1 -3.15738e-06 -1.79112e-05
bt 0 -0.173603 -0.984816
t -1 0 0
bt 0 -0.173603 -0.984816
t -1 5.81486e-06 3.29676e-05
bt 8.6512e-06 -0.1737 -0.984799
t -0.996164 0.0872155 -0.00706246
bt 0.00759743 -0.0885028 -0.996047
t -0.996165 0.0871622 -0.00766685
bt 0.00758319 -0.0885016 -0.996047
t -1 4.95781e-06 2.81251e-05
bt 1.15349e-05 -0.173603 -0.984816
t -1 5.59625e-06 3.17465e-05
bt 0 -0.173603 -0.984816
t 1 0 0
bt 0 -0.984816 0.173603
t 0.999997 0.00240688 -0.000424283
bt 0.00244399 -0.984813 0.173602
t 1 0 0
bt 0 -0.984816 0.173603
t 1 0 0
bt 0 -0.984816 0.173603
t -1 1.70259e-06 9.65845e-06
bt 0 -0.173603 -0.984816
t -1 5.13757e-06 2.91445e-05
bt 0 -0.173603 -0.984816
t -1 0 0
bt 0 -0.173603 -0.984816
t -1 0 0
bt 0 -0.173603 -0.984816
t -1 3.40517e-06 1.93169e-05
bt 0.000207181 -0.173603 -0.984816
t -1 0 0
bt 1.43222e-05 -0.173603 -0.984816
t -1 -7.50985e-06 -4.2602e-05
bt -9.64292e-05 -0.173603 -0.984816
t -1 0 0
bt 0.000317932 -0.173603 -0.984816
t -1 -1.12648e-05 -6.3903e-05
bt 0 -0.173603 -0.984816
t -1 -1.12648e-05 -6.3903e-05
bt 0 -0.173603 -0.984816
t 0 -0.984816 0.173603
bt 0 0.984816 -0.173603
t 0 -0.984816 0.173603
bt 0 0.984816 -0.173603
t 0 -0.984816 0.173603
bt 0 0.984816 -0.173603
t 0 -0.984816 0.173603
bt 0 0.984816 -0.173603
t 1 0 0
bt 0 -0.173603 -0.984816
t 1 8.38899e-06 4.75892e-05
bt 0 -0.173603 -0.984816
t 1 2.79074e-06 1.58313e-05
bt 0 -0.173603 -0.984816
t 1 0 0
bt 0 -0.173603 -0.984816
t 1 0 0
bt 0 -0.173603 -0.984816
t 1 5.58148e-06 3.16627e-05
bt 0 -0.173603 -0.984816
t 1 -3.16093e-06 -1.79314e-05
bt 0 -0.173603 -0.984816
t 1 0 0
bt 0 -0.173603 -0.984816
t 1 -2.10729e-06 -1.19542e-05
bt 0 -0.173603 -0.984816
t 1 -3.16093e-06 -1.79314e-05
bt 0 -0.173603 -0.984816
t 0 0.984816 -0.173603
bt 0 -0.984816 0.173603
t 0 0.984816 -0.173603
bt 0 -0.984816 0.173603
t 0 0.984816 -0.173603
bt 0 -0.984816 0.173603
t 0 0.984816 -0.173603
bt 0 -0.984816 0.173603
t 1 0 0
bt 0 -0.173603 -0.984816
t 1 -3.16065e-06 -1.79298e-05
bt 0 -0.173603 -0.984816
t 1 8.39738e-06 4.76367e-05
bt 0 -0.173603 -0.984816
t 1 0 0
bt 0 -0.173603 -0.984816
t 1 8.38908e-06 4.75897e-05
bt 0 -0.173603 -0.984816
t 1 5.59825e-06 3.17578e-05
bt 0 -0.173603 -0.984816
t -1 0 0
bt 0 0.984816 -0.173603
t -1 0 0
bt 0 0.984816 -0.173603
t -1 0 0
bt 0 0.984816 -0.173603
t -1 0 0
bt 0 0.984816 -0.173603
t -1 -1.12558e-05 -6.38523e-05
bt 0 -0.173603 -0.984816
t -1 0 0
bt 0.000621542 -0.173603 -0.984816
t -1 5.05595e-06 2.86815e-05
bt 0 -0.173603 -0.984816
t -1 0 0
bt 0 -0.173603 -0.984816
t -1 5.07031e-06 2.87629e-05
bt 0 -0.173603 -0.984816
t -1 3.3802e-06 1.91753e-05
bt -9.64292e-05 -0.173603 -0.984816
t 1 0 0
bt 0 -0.984816 0.173603
t 1 0 0
bt 0 -0.984816 0.173603
t 1 0 0
bt 0 -0.984816 0.173603
t 1 0 0
bt 0 -0.984816 0.173603
t 1 0 0
bt -0.000621547 -0.173603 -0.984816
t 1 1.53543e-05 8.71017e-05
bt 0 -0.173603 -0.984816
t 1 2.64699e-06 1.50159e-05
bt -0.000414365 -0.173603 -0.984816
t 1 0 0
bt -0.000317935 -0.173603 -0.984816
t 1 7.50117e-06 4.25527e-05
bt 0 -0.173603 -0.984816
t 1 0 0
bt 0 -0.173603 -0.984816
t 1 7.49968e-06 4.25443e-05
bt 0 -0.173603 -0.984816
t 1 5.00078e-06 2.83685e-05
bt 9.64301e-05 -0.173603 -0.984816
t 1 5.10058e-06 2.89346e-05
bt 0.00019286 -0.173603 -0.984816
t 1 0 0
bt -1.43222e-05 -0.173603 -0.984816
t -1 0 0
bt 0 0.984816 -0.173603
t -1 0 0
bt 0 0.984816 -0.173603
t -1 0 0
bt 0 0.984816 -0.173603
t -1 0 0
bt 0 0.984816 -0.173603
t 1 -3.61707e-06 -2.05184e-05
bt -6.09313e-05 -0.173603 -0.984816
t 0.996165 -0.0871624 0.00766524
bt 0.00750502 -0.0884948 -0.996048
t 0.996165 -0.0871585 0.00770846
bt 0.00759743 -0.0885028 -0.996047
t 1 3.95686e-06 2.24336e-05
bt 2.11249e-05 -0.1737 -0.984799
t 0.996165 -0.0871588 0.00770565
bt 0.0076376 -0.0885063 -0.996046
t 0.996165 -0.0871599 0.0076929
bt 0.00759726 -0.0885028 -0.996047
t -1 3.15056e-06 1.78731e-05
bt 0 -0.173603 -0.984816
t -0.996165 0.0871363 -0.00796082
bt 0.00763212 -0.0885058 -0.996046
t -0.996164 0.0870792 -0.00860765
bt 0.00759728 -0.0885028 -0.996047
t -8.57179e-06 1.51101e-06 -1
bt 0.984816 -0.173603 5.22396e-07
t -0.00768866 -0.0871603 -0.996165
bt 0.996049 -0.0884919 -0.00747168
t -0.0076916 -0.08716 -0.996165
bt 0.996047 -0.088501 -0.00757649
t -5.82252e-06 1.02698e-06 -1
bt 0.984799 -0.1737 -1.09891e-05
t 6.08347e-06 -1.0725e-06 -1
bt 0.984816 -0.173603 0.000175672
t -1.66965e-05 2.94319e-06 -1
bt 0.984816 -0.173603 -8.68882e-07
t -0.00768668 -0.0871605 -0.996165
bt 0.996048 -0.0884944 -0.00750035
t -0.00767985 -0.0871611 -0.996165
bt 0.99605 -0.0884849 -0.0073907
t -0.173603 -0.984816 -1.7537e-05
bt 0.173603 0.984816 1.7537e-05
t 0.171981 0.96997 -0.171992
bt -0.173594 -0.984816 -0.00151471
t -0.173603 -0.984816 -1.73542e-05
bt 0.173603 0.984816 1.73543e-05
t -0.173603 -0.984816 -1.7537e-05
bt 0.173603 0.984816 1.7537e-05
t -4.71956e-05 8.31961e-06 1
bt 0.984816 -0.173603 -2.82726e-05
t 0 0 1
bt 0.984816 -0.173603 0
t -3.14039e-05 5.53585e-06 1
bt 0.984816 -0.173603 0
t 0.000191725 -3.38166e-05 1
bt 0.984799 -0.1737 -2.94331e-05
t 1.81905e-05 -3.20661e-06 1
bt 0.984816 -0.173603 -1.7144e-06
t 0 0 1
bt 0.984816 -0.173603 0
t 1.2127e-05 -2.13774e-06 1
bt 0.984816 -0.173603 -1.14293e-06
t 1.81905e-05 -3.20661e-06 1
bt 0.984816 -0.173603 -1.7144e-06
t 0.173603 0.984816 2.01483e-05
bt -0.173603 -0.984816 -1.80757e-05
t 0.173603 0.984816 0
bt -0.173603 -0.984816 0
t 0.173603 0.984816 2.01483e-05
bt -0.173603 -0.984816 -1.80757e-05
t 0.173603 0.984816 2.01483e-05
bt -0.173603 -0.984816 -1.80757e-05
t 0 0 1
bt 0.984816 -0.173603 0
t 1.84569e-05 -3.25356e-06 1
bt 0.984816 -0.173603 1.7144e-06
t 0.00766702 0.0871622 0.996165
bt 0.996047 -0.0885016 -0.0075831
t 0.00706297 0.0872155 0.996164
bt 0.996047 -0.0885028 -0.00759743
t -3.26919e-05 5.76623e-06 1
bt 0.984799 -0.1737 -8.42144e-06
t -2.78881e-05 4.91603e-06 1
bt 0.984816 -0.173603 -1.14841e-05
t -3.14895e-05 5.55095e-06 1
bt 0.984816 -0.173603 0
t 0 0 -1
bt 0.173603 0.984816 0
t 0.000431076 0.00244541 -0.999997
bt 0.173602 0.984813 0.00248312
t 0 0 -1
bt 0.173603 0.984816 0
t 0 0 -1
bt 0.173603 0.984816 0
t 1.52486e-05 -2.68802e-06 -1
bt 0.984816 -0.173603 0
t -0.000119409 2.10494e-05 -1
bt 0.984816 -0.173603 0
t -5.00538e-07 8.82316e-08 -1
bt 0.984816 -0.173603 0
t -5.00538e-07 8.82316e-08 -1
bt 0.984816 -0.173603 0
t 4.69791e-05 -8.28144e-06 -1
bt 0.984816 -0.173603 0
t 0 0 -1
bt 0.984816 -0.173603 0
t 4.71396e-05 -8.30974e-06 -1
bt 0.984816 -0.173603 0
t 3.12596e-05 -5.51042e-06 -1
bt 0.984816 -0.173603 0
t -3.99657e-05 7.04513e-06 -1
bt 0.984816 -0.173603 0
t -5.00538e-07 8.82316e-08 -1
bt 0.984816 -0.173603 0
t 0 0 1
bt -0.1737 -0.984799 0
t 0 0 1
bt -0.1737 -0.984799 0
t 0 0 1
bt -0.173603 -0.984816 0
t 0 0 1
bt -0.173603 -0.984816 0
t 2.10264e-05 -3.70661e-06 -1
bt 0.984816 -0.173603 6.23064e-05
t -0.00766471 -0.0871624 -0.996165
bt 0.996048 -0.0884947 -0.00750363
t -0.0077077 -0.0871586 -0.996165
bt 0.996047 -0.0885028 -0.00759743
t -0.00770767 -0.0871586 -0.996165
bt 0.996047 -0.0885019 -0.00758652
t -2.16592e-05 3.82027e-06 -1
bt 0.984799 -0.1737 -2.08849e-05
t -0.00769205 -0.08716 -0.996165
bt 0.996047 -0.0885029 -0.00759875
t 0.00796011 0.0871364 0.996165
bt 0.996046 -0.0885059 -0.00763315
t -1.81631e-05 3.20167e-06 1
bt 0.984816 -0.173603 0
t 0.00860471 0.0870795 0.996164
bt 0.996047 -0.0885029 -0.00759869
t 1 0 0
bt 0 -0.173603 -0.984816
t 1 7.94926e-06 4.50947e-05
bt 0 -0.173603 -0.984816
t 1 2.64699e-06 1.50159e-05
bt 0 -0.173603 -0.984816
t 1 0 0
bt 0 -0.173603 -0.984816
t 1 1.53017e-05 8.68039e-05
bt 0 -0.173603 -0.984816
t 1 1.53017e-05 8.68039e-05
bt 0 -0.173603 -0.984816
t 0 0.984816 -0.173603
bt 0 -0.984816 0.173603
t 0 0.984816 -0.173603
bt 0 -0.984816 0.173603
t 0 0.984816 -0.173603
bt 0 -0.984816 0.173603
t 0 0.984816 -0.173603
bt 0 -0.984816 0.173603
t -4.73119e-05 -8.34013e-06 -1
bt -0.984816 -0.173603 0
t 5.00538e-07 8.82316e-08 -1
bt -0.984816 -0.173603 0
t -4.72007e-05 -8.32052e-06 -1
bt -0.984816 -0.173603 0
t -3.13774e-05 -5.5312e-06 -1
bt -0.984816 -0.173603 0
t 4.84433e-07 8.53928e-08 -1
bt -0.984816 -0.173603 0
t 0.000116713 2.05742e-05 -1
bt -0.984816 -0.173603 0
t -0.173603 0.984816 0
bt 0.173603 -0.984816 0
t -0.173603 0.984816 0
bt 0.173603 -0.984816 0
t -0.173603 0.984816 0
bt 0.173603 -0.984816 0
t -0.173603 0.984816 0
bt 0.173603 -0.984816 0
t 1.52844e-05 -2.69434e-06 -1
bt 0.984816 -0.173603 0
t 4.70675e-05 -8.29704e-06 -1
bt 0.984816 -0.173603 0
t -4.46726e-07 7.87461e-08 -1
bt 0.984816 -0.173603 0
t -4.46726e-07 7.87461e-08 -1
bt 0.984816 -0.173603 0
t -0.000118896 2.09589e-05 -1
bt 0.984816 -0.173603 0
t -0.000118896 2.09589e-05 -1
bt 0.984816 -0.173603 0
t -0.1737 -0.984799 0
bt 0.1737 0.984799 0
t -0.173603 -0.984816 0
bt 0.173603 0.984816 0
t -0.173603 -0.984816 0
bt 0.173603 0.984816 0
t -0.1737 -0.984799 0
bt 0.1737 0.984799 0

